10001011000001000000000001100001
10010001000000000010101111100001
10001010000011100000000000100010
10010010000000000000010000100101
00010100000000000000000000000001
11010001000000000000010000100001
10110100000000000000000010100001
10110101111111111111111111000001
10101010000000100000000101100111
10110010000000000011100100100011
00010111111111111111111111111011
11101011000111110000000001000010
01010100111111111111111100100000
01010100111111111111111111000001
01010100000000000000000110000010
01010100000000000000000110000011
01010100000000000000000110000100
01010100111111111111111011100101
01010100000000000000000111100110
01010100000000000000000111000111
01010100111111111111111010001000
01010100111111111111111000001001
01010100111111111111110111101010
01010100111111111111111010001011
01010100111111111111111001101100
01010100000000000000000110101101
11001010000001100000000010100100
11010010000000000001110010100100
10010100000000000000000000000001
11001011000001110000000011000110
11010001000000000000100100000111
11110001000000000011000001100010
11010110000000000000001111000000
11010011011000000000110010000010
11010011010000000000110001000010
11111000000000000000001110000010
11111000010000000000001110000010
10011011000001000000000001100010
11111111101000000000000000000010
11111111100000000000000000000000
11111111110000000000000000000000
11111111111000000000000000000000
